[1999, 1558]
[1999, 1558, 1416, 1207, 1267, 1240, 259, 260, 261, 262, 1900]
[1999, 1558, 1416, 1207, 1267, 1240, 259, 260, 261, 262, 1900, 1962, 1311, 359, 558, 176, 1164, 1635, 1160, 1220, 1399]
[1999, 1558, 1416, 1207, 1267, 1240, 259, 260, 261, 262, 1900, 1962, 1311, 359, 558, 176, 1164, 1635, 1160, 1220, 1399, 1468, 1894, 1504, 1104, 756, 1941, 970, 672, 1908, 663]
[1999, 1558, 1416, 1207, 1267, 1240, 259, 260, 261, 262, 1900, 1962, 1311, 359, 558, 176, 1164, 1635, 1160, 1220, 1399, 1468, 1894, 1504, 1104, 756, 1941, 970, 672, 1908, 663, 1388, 1556, 206, 958, 714, 1593, 618, 1977, 1725, 1194]
[1999, 1558, 1416, 1207, 1267, 1240, 259, 260, 261, 262, 1900, 1962, 1311, 359, 558, 176, 1164, 1635, 1160, 1220, 1399, 1468, 1894, 1504, 1104, 756, 1941, 970, 672, 1908, 663, 1388, 1556, 206, 958, 714, 1593, 618, 1977, 1725, 1194, 1086, 1597, 129, 1264, 1262, 465, 1295, 606, 1860, 1235]
[1999, 1558, 1416, 1207, 1267, 1240, 259, 260, 261, 262, 1900, 1962, 1311, 359, 558, 176, 1164, 1635, 1160, 1220, 1399, 1468, 1894, 1504, 1104, 756, 1941, 970, 672, 1908, 663, 1388, 1556, 206, 958, 714, 1593, 618, 1977, 1725, 1194, 1086, 1597, 129, 1264, 1262, 465, 1295, 606, 1860, 1235, 825, 874, 780, 1436, 1832, 211, 215, 257, 1801, 722]
[1999, 1558, 1416, 1207, 1267, 1240, 259, 260, 261, 262, 1900, 1962, 1311, 359, 558, 176, 1164, 1635, 1160, 1220, 1399, 1468, 1894, 1504, 1104, 756, 1941, 970, 672, 1908, 663, 1388, 1556, 206, 958, 714, 1593, 618, 1977, 1725, 1194, 1086, 1597, 129, 1264, 1262, 465, 1295, 606, 1860, 1235, 825, 874, 780, 1436, 1832, 211, 215, 257, 1801, 722, 665, 818, 309, 210, 568, 1513, 1129, 1041, 622, 755]
[1999, 1558, 1416, 1207, 1267, 1240, 259, 260, 261, 262, 1900, 1962, 1311, 359, 558, 176, 1164, 1635, 1160, 1220, 1399, 1468, 1894, 1504, 1104, 756, 1941, 970, 672, 1908, 663, 1388, 1556, 206, 958, 714, 1593, 618, 1977, 1725, 1194, 1086, 1597, 129, 1264, 1262, 465, 1295, 606, 1860, 1235, 825, 874, 780, 1436, 1832, 211, 215, 257, 1801, 722, 665, 818, 309, 210, 568, 1513, 1129, 1041, 622, 755, 127, 489, 264, 1312, 140, 276, 1424, 479, 216, 1226]
[1999, 1558, 1416, 1207, 1267, 1240, 259, 260, 261, 262, 1900, 1962, 1311, 359, 558, 176, 1164, 1635, 1160, 1220, 1399, 1468, 1894, 1504, 1104, 756, 1941, 970, 672, 1908, 663, 1388, 1556, 206, 958, 714, 1593, 618, 1977, 1725, 1194, 1086, 1597, 129, 1264, 1262, 465, 1295, 606, 1860, 1235, 825, 874, 780, 1436, 1832, 211, 215, 257, 1801, 722, 665, 818, 309, 210, 568, 1513, 1129, 1041, 622, 755, 127, 489, 264, 1312, 140, 276, 1424, 479, 216, 1226, 1387, 1446, 1907, 961, 1111, 295, 481, 236, 17, 1305]
[1999, 1558, 1416, 1207, 1267, 1240, 259, 260, 261, 262, 1900, 1962, 1311, 359, 558, 176, 1164, 1635, 1160, 1220, 1399, 1468, 1894, 1504, 1104, 756, 1941, 970, 672, 1908, 663, 1388, 1556, 206, 958, 714, 1593, 618, 1977, 1725, 1194, 1086, 1597, 129, 1264, 1262, 465, 1295, 606, 1860, 1235, 825, 874, 780, 1436, 1832, 211, 215, 257, 1801, 722, 665, 818, 309, 210, 568, 1513, 1129, 1041, 622, 755, 127, 489, 264, 1312, 140, 276, 1424, 479, 216, 1226, 1387, 1446, 1907, 961, 1111, 295, 481, 236, 17, 1305, 670, 60, 1336, 1807, 574, 401, 1266, 1785, 1594, 1097]
[1999, 1558, 1416, 1207, 1267, 1240, 259, 260, 261, 262, 1900, 1962, 1311, 359, 558, 176, 1164, 1635, 1160, 1220, 1399, 1468, 1894, 1504, 1104, 756, 1941, 970, 672, 1908, 663, 1388, 1556, 206, 958, 714, 1593, 618, 1977, 1725, 1194, 1086, 1597, 129, 1264, 1262, 465, 1295, 606, 1860, 1235, 825, 874, 780, 1436, 1832, 211, 215, 257, 1801, 722, 665, 818, 309, 210, 568, 1513, 1129, 1041, 622, 755, 127, 489, 264, 1312, 140, 276, 1424, 479, 216, 1226, 1387, 1446, 1907, 961, 1111, 295, 481, 236, 17, 1305, 670, 60, 1336, 1807, 574, 401, 1266, 1785, 1594, 1097, 1393, 1523, 564, 648, 1602, 1338, 463, 429, 1179, 964]
[1999, 1558, 1416, 1207, 1267, 1240, 259, 260, 261, 262, 1900, 1962, 1311, 359, 558, 176, 1164, 1635, 1160, 1220, 1399, 1468, 1894, 1504, 1104, 756, 1941, 970, 672, 1908, 663, 1388, 1556, 206, 958, 714, 1593, 618, 1977, 1725, 1194, 1086, 1597, 129, 1264, 1262, 465, 1295, 606, 1860, 1235, 825, 874, 780, 1436, 1832, 211, 215, 257, 1801, 722, 665, 818, 309, 210, 568, 1513, 1129, 1041, 622, 755, 127, 489, 264, 1312, 140, 276, 1424, 479, 216, 1226, 1387, 1446, 1907, 961, 1111, 295, 481, 236, 17, 1305, 670, 60, 1336, 1807, 574, 401, 1266, 1785, 1594, 1097, 1393, 1523, 564, 648, 1602, 1338, 463, 429, 1179, 964, 1937, 36, 341, 935, 490, 1992, 145, 1259, 1723, 550]
[1999, 1558, 1416, 1207, 1267, 1240, 259, 260, 261, 262, 1900, 1962, 1311, 359, 558, 176, 1164, 1635, 1160, 1220, 1399, 1468, 1894, 1504, 1104, 756, 1941, 970, 672, 1908, 663, 1388, 1556, 206, 958, 714, 1593, 618, 1977, 1725, 1194, 1086, 1597, 129, 1264, 1262, 465, 1295, 606, 1860, 1235, 825, 874, 780, 1436, 1832, 211, 215, 257, 1801, 722, 665, 818, 309, 210, 568, 1513, 1129, 1041, 622, 755, 127, 489, 264, 1312, 140, 276, 1424, 479, 216, 1226, 1387, 1446, 1907, 961, 1111, 295, 481, 236, 17, 1305, 670, 60, 1336, 1807, 574, 401, 1266, 1785, 1594, 1097, 1393, 1523, 564, 648, 1602, 1338, 463, 429, 1179, 964, 1937, 36, 341, 935, 490, 1992, 145, 1259, 1723, 550, 76, 469, 831, 850, 222, 287, 1103, 1497, 21, 81]
[1999, 1558, 1416, 1207, 1267, 1240, 259, 260, 261, 262, 1900, 1962, 1311, 359, 558, 176, 1164, 1635, 1160, 1220, 1399, 1468, 1894, 1504, 1104, 756, 1941, 970, 672, 1908, 663, 1388, 1556, 206, 958, 714, 1593, 618, 1977, 1725, 1194, 1086, 1597, 129, 1264, 1262, 465, 1295, 606, 1860, 1235, 825, 874, 780, 1436, 1832, 211, 215, 257, 1801, 722, 665, 818, 309, 210, 568, 1513, 1129, 1041, 622, 755, 127, 489, 264, 1312, 140, 276, 1424, 479, 216, 1226, 1387, 1446, 1907, 961, 1111, 295, 481, 236, 17, 1305, 670, 60, 1336, 1807, 574, 401, 1266, 1785, 1594, 1097, 1393, 1523, 564, 648, 1602, 1338, 463, 429, 1179, 964, 1937, 36, 341, 935, 490, 1992, 145, 1259, 1723, 550, 76, 469, 831, 850, 222, 287, 1103, 1497, 21, 81, 1217, 1244, 828, 1345, 1453, 1794, 243, 1481, 1816, 957]
